0	0
1	0
2	0
3	1
4	0
5	2
6	0
7	0
8	2
9	0
10	0
11	0
12	0
13	1
14	2
15	2
16	0
17	0
18	1
19	1
20	1
21	2
22	2
23	2
24	2
25	2
26	0
27	0
28	1
29	2
30	1
31	1
32	0
33	0
34	0
35	0
36	0
37	2
38	0
39	0
40	1
41	0
42	1
43	1
44	0
45	0
46	0
47	0
48	2
49	0
50	0
51	2
52	1
53	0
54	0
55	2
56	1
57	0
58	0
59	1
60	2
61	1
62	0
63	0
64	1
65	2
66	1
67	1
68	0
69	2
70	1
71	0
72	1
73	0
74	2
75	0
76	0
77	0
78	0
79	1
80	0
81	2
82	0
83	0
84	2
85	1
86	1
87	0
88	1
89	0
90	0
91	0
92	1
93	0
94	0
95	1
96	1
97	0
98	0
99	1
100	1
101	1
102	0
103	1
104	2
105	0
106	1
107	1
108	0
109	1
110	1
111	0
112	1
113	0
114	0
115	0
116	1
117	0
118	0
119	1
120	0
121	0
122	0
123	0
124	1
125	2
126	1
127	1
128	0
129	0
130	0
131	2
132	0
