0	0
1	0
2	0
3	1
4	0
5	2
6	1
7	0
8	1
9	0
10	0
11	0
12	0
13	0
14	1
15	2
16	0
17	0
18	1
19	0
20	1
21	2
22	2
23	2
24	1
25	2
26	0
27	0
28	1
29	2
30	1
31	1
32	0
33	0
34	0
35	0
36	2
37	2
38	0
39	1
40	0
41	0
42	1
43	0
44	0
45	0
46	0
47	0
48	1
49	0
50	0
51	2
52	1
53	0
54	0
55	1
56	1
57	0
58	0
59	2
60	2
61	1
62	1
63	0
64	1
65	0
66	0
67	1
68	0
69	1
70	1
71	0
72	1
73	0
74	0
75	2
76	0
77	0
78	0
79	0
80	1
81	1
82	0
83	1
84	2
85	1
86	1
87	0
88	1
89	1
90	0
91	1
92	1
93	1
94	0
95	1
96	1
97	0
98	0
99	1
100	0
101	1
102	0
103	1
104	2
105	0
106	1
107	1
108	2
109	1
110	1
111	0
112	1
113	0
114	2
115	0
116	1
117	0
118	0
119	0
120	0
121	2
122	2
123	0
124	1
125	2
126	2
127	0
128	0
129	0
130	0
131	2
132	0
