0	0
1	0
2	0
3	1
4	2
5	2
6	0
7	0
8	2
9	0
10	0
11	0
12	2
13	1
14	2
15	0
16	0
17	0
18	1
19	0
20	2
21	2
22	1
23	1
24	2
25	0
26	0
27	1
28	1
29	2
30	0
31	1
32	0
33	0
34	0
35	0
36	0
37	2
38	2
39	1
40	0
41	0
42	0
43	0
44	0
45	0
46	0
47	0
48	2
49	0
50	0
51	0
52	2
53	0
54	0
55	2
56	0
57	0
58	0
59	1
60	2
61	2
62	2
63	2
64	0
65	2
66	0
67	1
68	0
69	1
70	1
71	0
72	2
73	0
74	2
75	2
76	0
77	0
78	2
79	0
80	0
81	2
82	0
83	0
84	1
85	1
86	0
87	0
88	1
89	0
90	2
91	0
92	2
93	2
94	0
95	0
96	1
97	0
98	2
99	1
100	1
101	2
102	0
103	1
104	2
105	0
106	0
107	0
108	2
109	0
110	0
111	0
112	1
113	2
114	0
115	0
116	0
117	2
118	0
119	0
120	0
121	0
122	0
123	2
124	1
125	2
126	1
127	1
128	0
129	0
130	0
131	0
132	0
