1	0,0,0,0,0,0,0,0,0,0,0,0,0,0,0,0,0,0,0,0,0,0,0,0,0,0,0,0,0,0,0,0,0,0,0,0,0,0.09722902999015717,0,0,0,0,0,0
1	0,0.0935734403101084,0,0,0,0,0,0,0,0,0.09795280716634143,0.01826696586251125,0,0,0,0,0,0,0,0.0371467114307725,0,0,0,0,0,0,0,0,0,0,0,0,0,0,0,0,0,0,0,0,0,0,0,0
1	0,0,0,0,0,0,0,0,0.03984582459218305,0,0,0.08577531892171017,0,0,0,0,0.034891765703957085,0,0,0,0,0,0,0,0,0,0,0,0,0,0,0,0,0,0.06698486323653263,0,0,0,0,0,0,0,0,0
1	0,0,0,0,0,0,0,0,0,0,0,0.004609421112109342,0,0,0,0,0,0.015000197585637687,0,0,0,0,0,0,0,0,0,0,0,0,0,0.007346917337966812,0,0,0,0,0,0,0,0,0,0.1930099745044884,0,0
1	0,0,0,0,0,0,0.008933184130490067,0,0,0,0,0,0,0,0,0,0,0,0,0,0,0,0,0,0,0,0,0,0,0,0.07611570249590648,0,0,0.06519099376245262,0,0,0,0.009943878289438159,0,0,0,0.053336952911217136,0,0
1	0.02920875531220459,0,0,0,0,0,0.01746933775756305,0,0,0,0,0,0.011522532276297435,0,0,0,0,0,0.03978954094036763,0,0,0.04904624971682793,0,0,0,0,0,0,0,0,0,0,0,0,0.11982847967201266,0,0,0,0,0,0,0,0,0
1	0,0,0,0,0,0,0,0,0,0,0.04132384021541369,0,0,0,0,0,0,0,0,0,0,0,0,0,0,0,0,0,0,0,0,0,0,0,0,0,0,0,0,0,0,0,0,0
1	0,0,0,0,0,0,0,0,0,0,0,0.009670746903291729,0.015250410053220658,0,0,0,0,0,0,0,0,0,0,0,0,0,0,0,0,0,0,0,0,0,0,0,0,0,0,0,0,0.03681295594050926,0,0
1	0,0.0074308321145927754,0,0,0,0,0,0,0,0,0.0038893026845756252,0,0.0061001641178690105,0,0,0,0,0,0,0,0,0,0,0.008932435115156706,0,0,0,0,0,0,0,0,0,0,0,0,0,0,0,0,0,0.02208777321460125,0,0
1	0,0,0,0,0,0,0,0,0,0,0.034799023598568665,0,0.013645103782660982,0,0,0,0,0,0.023559596214479693,0.026393716016601516,0,0,0,0,0,0.026667472871266616,0,0,0.030949770205743264,0,0,0,0,0,0,0,0,0,0,0,0,0,0,0
1	0,0,0,0,0,0,0,0,0,0,0,0,0,0,0,0,0,0,0,0.033432041782223906,0,0,0,0,0.1735654526990243,0,0,0,0,0,0,0,0,0,0,0,0,0,0,0,0,0,0.07142373096074887,0
1	0,0,0,0,0,0,0,0,0,0,0,0,0,0,0,0.02082010804988061,0,0,0,0.034987020382878,0,0,0,0,0.1937474755867414,0,0,0,0,0,0,0,0,0,0,0,0,0,0,0,0,0,0.07474576477329013,0
1	0,0,0,0,0,0,0.04367334366177615,0,0,0,0.11019691052522693,0,0,0,0,0,0,0,0,0,0,0,0,0,0,0,0,0,0,0,0,0,0,0,0,0,0,0,0,0,0,0,0,0
1	0,0,0,0,0.21293932920317996,0,0,0,0,0,0,0,0,0,0.7391613367666926,0,0.08916784469136202,0,0,0,0,0,0,0,0,0,0,0,0,0,0,0,0,0,0,0,0,0,0,0,0,0,0,0
1	0,0,0,0,0,0,0,0,0,0,0,0,0,0,0,0.11677364877213023,0,0,0,0.10901751829115043,0,0,0,0,0.09055588735266744,0,0,0,0,0,0,0,0,0,0,0,0,0,0,0,0,0.08162872702141674,0.04658069254309683,0
1	0,0,0,0,0,0,0.020156927956532296,0,0,0,0.025430056464521046,0.12646361603608583,0,0,0,0,0,0,0,0,0,0,0,0,0,0.051967383321576605,0,0,0,0,0,0,0,0,0,0,0,0,0,0,0,0,0,0
1	0,0,0,0,0,0,0,0,0,0,0,0,0,0,0,0,0,0,0.10743175553631153,0,0,0,0,0,0,0,0,0,0,0,0,0,0,0,0.09243910747842735,0,0,0,0,0,0,0,0,0
1	0,0,0,0,0,0,0.05071742945978786,0,0,0,0,0.015909937416592617,0,0,0,0,0,0,0.02887950396125875,0.016176793084961956,0,0,0,0,0,0,0,0,0,0,0,0,0,0,0,0,0,0,0,0,0,0.060563246147402126,0,0
1	0.014133268344062774,0,0,0,0,0,0,0,0,0,0,0,0,0,0,0,0,0.00862914618812572,0.02887950396125875,0.05931490922363438,0,0.04746411143566956,0,0,0,0,0,0,0.012646142558713559,0,0,0,0,0,0.06626459459391529,0,0,0,0,0,0,0,0,0
1	0,0,0,0,0,0,0,0,0,0,0.016126376068675386,0.14435357743600527,0,0,0,0,0,0,0,0.012231233704817048,0,0,0,0,0,0,0,0,0,0,0,0,0,0,0.03757687239877125,0,0,0,0,0,0,0,0,0
1	0,0,0,0,0,0,0,0,0,0,0,0,0,0,0,0,0,0,0,0,0,0,0,0,0,0,0,0,0,0,0,0,0,0,0,0,0,0,0,0,0,0.06364273525488806,0,0
1	0.003666370879021643,0,0,0.002618494687133742,0,0,0.002192803854375819,0,0,0,0.004610749344120049,0.01238179281033286,7.231714658644126E-4,0,0,0,0.0033577848355217234,0,0,0,0,0,0,0,0,0.0028266777232899085,0,0,0,0,0.0256903764506492,0.047145283875760884,0,0.008001126210704488,0.0021487473209918107,0,0,0.002440896137593418,0,0,0,0,0,0
1	0,0,0,0,0,0,0,0,0,0,0,0.004609421112109342,0.008076541346753587,0,0,0,0,0,0,0,0,0,0,0,0,0,0,0,0,0,0.002608326093427063,0.05142842283003063,0,0,0,0,0,0,0,0,0,0,0,0
1	0,0,0,0,0,0,0,0,0,0,0,0,0,0,0,0,0,0,0,0,0,0.0055734373276733196,0,0,0,0,0,0,0,0,0,0,0,0.002069555390855073,0,0,0,0,0,0,0,0,0,0
1	0,0,0,0,0,0,0,0,0,0,0,0,0,0,0,0,0,0,0,0,0,0,0,0.3037027925011017,0,0,0.34807254308553376,0.3832907954214628,0,0,0,0,0,0,0,0,0,0,0,0,0,0,0,0
1	0,0,0,0,0,0,0,0,0,0,0,0.00254230958481977,0.0026727521852683714,0,0,0,0.004136652430819653,0,0,0.002584951469931858,0,0,0,0,0,0,0,0,0,0,0.008631677080101631,0,0,0,0.003970752006168887,0,0,0.0045106249304014325,0,0,0,0,0,0.006775226375390956
1	0,0,0,0,0,0,0,0,0,0,0,0,0.009259177911736907,0,0,0,0.014330547002109064,0,0,0,0,0,0,0,0,0,0,0,0,0,0.004983766179153093,0,0,0.009756475604846,0,0,0,0,0,0,0,0,0,0
1	0,0,0.004780858598548243,0.007631953725940219,0,0,0,0,0,0,0.005375458689558462,0.008019643190889181,0,0,0,0,0.003262238074582272,0,0,0,0,0,0,0,0,0,0,0,0,0,0.01701773722177767,0.009586831106947075,0,0.006662958577329089,0,0,0,0.0035571594747688118,0.006172820663857053,0,0,0,0,0.005343064667711269
1	0,0,0,0,0,0,0,0,0,0,0,0,0,0,0,0,0.013896287367890772,0,0,0,0,0,0,0,0,0,0,0,0,0,0,0,0,0,0,0,0,0.003788143993838683,0,0,0,0,0,0
1	0,0,0,0,0,0,0,0,0,0,0,0,0,0,0,0,0.00642008507488237,0,0,0,0,0,0,0,0,0,0,0,0,0,0,0.012577923478297982,0,0,0,0,0,0,0,0,0,0,0,0
1	0,0,0,0,0,0,0,0,0,0,0,0,0.010370278565763955,0,0,0,0,0,0,0,0,0,0,0,0,0,0,0,0,0,0,0,0,0,0,0,0,0,0,0,0,0,0,0
1	0,0,0,0,0,0,0,0,0,0,0,0,0,0,0,0,0,0.01880884209944738,0,0,0,0,0,0,0,0,0,0,0,0,0,0,0,0,0,0,0,0,0,0,0,0,0,0.020537405581593168
1	0,0,0,0,0,0,0,0,0,0,0,0,0,0,0,0,0,0,0,0,0,0,0,0,0,0,0,0,0,0,0,0,0,0,0,0,0,0.0045106249304014325,0,0,0,0,0,0
1	0,0,0,0,0,0,0,0,0,0,0,0,0,0,0,0,0,0,0,0,0,0,0,0,0,0,0,0,0,0,0,0,0,0,0,0,0,0.002916870948602574,0,0,0,0,0,0
1	0,0,0,0,0,0,0,0,0,0,0,0,0,0,0,0.012974850234138992,0,0,0,0,0,0,0,0,0,0,0,0,0,0,0,0,0,0,0,0,0,0,0,0,0,0,0,0
1	0,0,0,0,0,0,0,0,0,0,0,0.029891399352234137,0,0,0,0,0.09727401456482034,0,0.02712923261093796,0,0,0,0,0,0,0,0,0,0,0,0,0,0,0,0,0,0,0,0,0,0,0,0,0
1	0,0,0,0,0,0,0,0,0,0,0,0,0.0038408439311312325,0,0,0,0,0,0,0,0,0,0,0,0,0.007506399582417596,0,0,0,0,0,0,0,0,0,0,0,0,0,0,0,0,0,0
1	0,0,0,0,0,0,0,0,0,0,0,0,0,0,0,0,0,0,0,0,0,0,0,0,0,0,0,0,0,0,0,0,0,0,0,0,0,0,0,0,0,0.015910683813722015,0,0
1	0,0,0,0,0,0,0,0,0,0,0,0.008592475372336482,0,0,0,0,0,0.002796204197391275,0,0.0017473191840881863,0,0,0,0,0,0,0,0,0,0,0,0.035608230244164256,0,0,0,0,0,0,0,0,0,0,0,0
1	0,0,0,0,0,0,0,0,0,0,0,0,0.0029799651606107615,0,0,0,0,0,0,0,0,0,0,0,0,0.005823930791855785,0,0,0,0,0,0,0,0,0,0,0,0,0,0.008727091575982657,0,0,0,0
1	0.001537302854794496,0,0,0.0010979302123600464,0,0,0,0,0,0,0,5.768515420695914E-4,0.003032245285035774,0,0,0,0.0018772177456062309,0,0,0.002932635112955724,0,0,0,0,0,0,0,0,0,0,0.005875598034050557,0,0,0.0019170618136450743,0,0,0,0.00921117158821114,0,0.0017760396736404803,0,0,0,0.003074605709588992
1	0,0,0,0,0,0,0,0,0,0,0,0,0.003651506550843751,0,0,0,0,0,0,0,0,0,0,0,0,0,0,0,0,0,0,0,0,0,0,0,0,0,0,0,0,0,0,0.009256295300982166
1	0,0,0,0,0,0,0,0,0,0,0,0,0,0,0,0,0,0,0,0,0,0,0,0,0,0,0,0,0.012646142558713559,0,0,0,0,0,0,0,0,0,0,0,0,0,0,0
1	0,0,0,0,0,0,0,0,0,0,0,0,0,0,0,0,0,0,0,0,0,0,0,0,0,0.005823930791855785,0,0,0,0,0,0,0,0,0,0,0,0,0,0,0,0,0,0.007553988231755539
1	0,0,0,0,0,0,0,0,0,0,0,0,0,0,0,0,0,0,0,0,0,0,0,0,0,0,0,0,0,0,0,0,0,0,0,0,0,0,0,0,0,0,0,0
1	0,0,0,0,0,0,0.003303026135807352,0,0,0,0,0,0,0,0,0,0,0,0,0,0,0,0,0,0,0,0,0,0,0,0,0,0,0,0,0,0,0.0036767281857762063,0,0,0,0,0,0
1	0,0,0,0,0,0,0,0,0,0,0,0,0,0,0,0,0.10031382453038604,0,0,0,0,0,0,0,0,0,0,0,0,0,0,0,0,0,0,0,0,0,0,0,0,0,0,0
1	0,0,0,0,0,0,0,0,0,0,0,0,0,0,0,0,0,0,0,0,0,0,0,0,0,0,0,0,0,0,0,0,0,0,0,0,0,0,0,0,0,0,0,0
1	0,0,0,0,0,0,0,0,0,0,0,0,0,0,0,0,0,0,0,0,0,0,0,0,0,0,0,0,0,0,0,0,0,0,0,0,0,0,0,0,0,0,0,0
1	0,0,0,0,0,0,0,0,0.00371033996597089,0,0,0.007987175498221607,0.0020992467729404386,0,0,0,0,0,0,0,0,0,0,0,0,0,0,0,0.004761503192831297,0,0.006779536223126449,0,0,0,0,0,0,0.0035427582404685687,0,0,0,0,0.01734989369191373,0
1	0,0,0,0,0,0,0,0,0,0,0,0,0,0,0,0,0.008537346498208684,0,0,0,0,0,0,0,0,0.00539023366739279,0,0,0,0,0.00445357806377706,0,0,0,0,0,0,0,0,0,0,0,0,0
1	0,0,0,0.00233515005324517,0,0,0,0,0,0,0,0,6.449178206533507E-4,0,0,0,0.00399258993810041,0,0,0,0,0,0,0,0,0,0,0,0,0,0.0020827678681791693,0.0019555227904269456,0.0018886988862216788,0.002038666458856653,0,0,0,0,0,0,0,0,0,0
1	0,0,0,0,0,0,0,0,0,0,0,0,0,0,0,0,0.01298560897265009,0,0,0,0,0,0,0,0,0,0,0,0,0,0.002709620486663794,0,0,0,0,0,0,0.01699148100080278,0,0,0,0,0,0
1	0,0,0,0,0,0,0,0,0,0,0,0,0.024691140454093437,0,0,0,0,0,0,0,0,0,0,0,0,0,0,0,0,0,0,0,0,0.02926942757779777,0,0,0,0,0,0,0,0,0,0
1	0,0,0,0,0,0,0,0,0,0,0,0,0.003703671019823642,0,0,0,0,0,0,0,0,0,0,0,0,0,0,0,0,0,0,0,0,0,0,0,0,0,0,0,0,0,0,0
1	0,0,0.021001630564840314,0,0,0,0,0,0,0,0,0.03522914976151688,0,0,0,0,0,0,0,0,0,0,0,0,0,0,0,0,0,0,0,0.09124608981763804,0,0,0.006877910243820883,0,0,0,0,0,0,0,0,0
1	0,0,0,0,0,0,0,0,0,0,0,0,0,0,0,0,0,0,0,0,0,0,0,0,0,0,0,0,0,0,0,0,0,0,0,0,0,0,0,0,0,0,0,0
1	0,0,0,0,0,0,0,0,0,0,0,0.03288054002239486,0,0,0,0,0.18725247325394326,0,0.0298421565390559,0,0,0,0,0,0,0,0,0,0,0,0,0,0,0,0.05135506353648761,0.05384746790456228,0,0,0,0,0,0,0,0
1	0,0,0,0,0,0,0,0,0,0,0,0,0,0,0,0,0,0,0,0,0,0,0,0,0,0,0,0,0,0,0.01468899489018365,0,0,0,0,0,0,0,0,0,0,0,0,0
1	0,0,0,0,0,0,0,0,0,0,0,0,0.004629588955868453,0,0,0,0,0,0,0,0,0,0,0,0,0,0,0,0.010500815282420157,0,0,0,0,0,0,0,0,0,0,0,0,0,0,0
1	0,0,0,0,0,0,0,0,0,0,0,0,0.004629588955868453,0,0,0,0,0,0,0,0,0,0,0,0,0,0,0,0.010500815282420157,0,0,0,0,0,0,0,0,0,0,0,0,0,0,0
1	0,0,0,0,0,0,0.004319341757266311,0,0,0,0,0,0.0028489777632763093,0,0,0,0,0,0,0,0,0,0,0,0,0,0,0,0,0,0,0,0,0,0,0,0,0,0,0,0,0,0,0
1	0,0,0,0,0,0,0,0,0,0,0,0,0,0,0,0,0,0,0,0,0,0,0,0,0,0.014272731587078969,0,0,0,0,0,0,0,0,0,0,0,0,0,0,0,0,0,0
1	0,0,0,0,0,0,0,0,0,0,0,0,0.007151916385465827,0,0,0.006174238938930112,0,0,0,0,0,0,0,0,0,0,0,0,0,0,0,0,0,0,0,0,0,0,0,0,0,0,0,0
1	0.011234136941030558,0,0,0,0,0,0,0,0,0,0,0,0,0,0,0,0,0,0,0.008572318381747657,0,0,0,0,0,0,0,0,0,0,0,0,0,0,0,0,0,0,0,0.01297875226352036,0,0,0,0.011234136941030558
1	0,0.02937770767601489,0,0,0,0,0,0,0,0,0.015376312581012236,0,0,0,0,0,0.018663037052407055,0,0,0,0,0,0,0,0,0,0,0,0,0,0,0,0,0,0,0,0,0,0,0,0,0.04366187626809462,0,0
1	0,0,0,0,0,0,0,0,0,0,0,0,0,0,0,0,0,0,0,0,0,0,0,0,0,0,0,0,0,0,0,0,0,0.022453258340706588,0,0,0,0,0,0,0,0,0,0
1	0,0,0,0,0,0,0,0,0,0,0,0,0.005034115968028396,0,0,0,0,0,0,0,0,0,0,0,0,0,0,0,0,0,0,0,0,0,0,0,0,0,0,0,0,0,0,0
1	0,0,0,0,0,0,0,0,0.04165699890283551,0,0.06010740574103287,0,0,0,0,0.04069384891640694,0,0,0,0.09117829373170794,0,0,0,0,0,0,0,0,0,0,0,0,0,0,0,0,0,0,0,0,0,0,0.04869799729384375,0
1	0,0,0,0,0,0,0,0,0,0,0,0,0,0,0,0,0,0,0,0,0,0,0,0,0,0,0,0,0,0,0,0.020687373313472913,0,0,0,0,0,0.007675976051854514,0,0,0,0,0,0
1	0,0,0,0,0,0,0,0,0,0,0,0,0,0,0,0,0,0,0,0,0,0,0,0,0,0,0,0,0,0,0,0,0,0,0,0,0,0,0,0,0,0,0,0
1	0,0,0,0,0,0,0,0,0,0,0,0,0.0015905335208751348,0,0,0,0,0.004923377776430567,0,0,0,0,0,0,0,0.003108478337312157,0,0,0,0,0,0,0,0,0,0,0,0.0026842369417717556,0,0,0,0,0,0.0080637664209745
1	0,0,0,0,0,0,0,0,0,0,0,0,0.0038408439311312325,0,0,0,0,0,0,0,0,0,0,0,0,0,0,0,0,0,0,0,0,0,0,0,0,0,0,0.005624125603731806,0,0,0,0
1	0,0,0,0,0,0,0,0,0,0,0,0,0,0,0,0,0.006591463031487458,0,0,0,0,0,0,0,0,0,0,0,0,0,0,0,0,0,0,0,0,0.0017968404389098985,0,0,0,0,0,0
1	0,0,0,0,0,0,0,0,0,0,0,0.022763450078064417,0.00797713754401217,0,0,0,0,0,0,0.0077150861699407285,0,0,0,0,0,0,0,0,0,0,0,0,0,0,0.023702335802741815,0,0,0.013462480987794836,0,0,0,0.014442005294389815,0,0
1	0,0,0,0,0.10646966460158998,0,0,0,0,0,0.07346460537475608,0,0,0,0,0,0,0,0,0,0,0,0,0,0,0,0,0,0.06533840376768023,0,0,0,0,0,0,0,0,0,0,0,0,0,0,0
1	0,0,0.004155799533894255,0.013268273504929026,0,0,0.0027778098448586696,0,0.019430118773060917,0,0.009345320827233187,0.010456708146359748,0,0,0,0,0.0028357265102795307,0.039700172265007785,0,0.0035440325401568116,0,0,0,0,0,0.007161582822219601,0,0,0,0.003163479351090719,0.008875682231934403,0.0027778098448586696,0,0.0057918299776590935,0.0027219997130403456,0,0,0.009276267677338312,0.0053657736803719245,0,0,0,0,0
1	0,0,0,0.027609716081121186,0,0,0,0,0,0,0,0,0,0,0,0,0,0,0,0,0,0,0,0,0,0,0,0,0,0,0.02462566781239365,0,0,0,0,0,0,0,0,0,0,0,0,0
1	0,0,0,0,0,0,0,0,0,0,0,0,0,0,0,0,0,0.13064126235643433,0,0,0,0,0,0,0,0,0,0,0,0,0,0,0,0,0,0,0,0,0,0,0,0,0,0
1	0,0,0,0,0,0,0,0,0,0,0,0,0,0,0,0,0,0.09630126939666944,0,0.02005922357480569,0,0,0,0,0,0,0,0,0,0,0,0,0,0,0,0,0,0,0,0,0,0,0,0
1	0,0,0,0,0,0,0.012887215346344766,0,0.015023834382607706,0,0.010839039450823389,0.008085377820540465,0,0,0,0,0,0.03946773502561678,0,0,0,0,0,0,0,0,0,0,0,0,0,0.02577443069268953,0,0,0,0,0,0,0,0,0,0,0,0
1	0,0,0,0,0,0,0,0,0,0,0,0,0,0,0,0.16277539566562776,0,0.07295551092361525,0,0.04558914686585397,0,0,0,0,0.04733603255427935,0,0,0,0,0,0,0,0,0,0,0,0,0,0,0,0,0.08533912465794742,0,0
1	0,0,0,0,0,0,0,0,0,0,0,0.00880728744037922,0,0,0,0,0,0.028661094004218127,0,0,0,0,0,0,0,0,0,0,0,0,0,0,0,0,0,0,0,0,0,0,0,0,0,0
1	0,0,0,0,0,0,0,0,0,0,0,0.009670746903291729,0.005083470178708131,0,0,0,0,0.0550742593014062,0,0,0,0,0,0,0,0,0,0,0,0,0,0,0,0,0,0,0,0.008579032297650429,0,0,0,0.027609716081121186,0,0
1	0,0,0,0,0,0,0,0,0,0,0,0,0,0,0,0,0,0.10700141841297033,0,0,0,0,0,0,0,0,0,0,0,0.0596843130781118,0,0,0,0,0,0,0,0,0,0,0,0,0,0
1	0,0,0,0,0,0,0,0,0.06546099925132923,0,0,0,0,0,0,0,0,0.057322188008436255,0,0,0.06872939158034311,0,0.47517513562342073,0,0,0,0,0,0,0,0,0,0,0,0,0,0,0,0,0,0.06872939158034311,0,0,0
1	0,0,0,0,0,0,0,0,0,0,0,0,0,0,0,0,0,0.07295551092361525,0,0,0,0,0,0,0,0,0,0,0,0,0,0,0,0,0.02334321017664207,0,0,0,0,0,0,0,0,0
1	0,0,0,0,0,0,0,0,0.0632037203541978,0,0,0,0,0,0,0,0,0.055345558155414025,0,0,0.19907823520891316,0,0,0,0,0,0,0,0,0,0,0,0,0,0,0,0,0,0,0,0.19907823520891316,0,0,0
1	0,0,0,0,0,0,0,0,0,0,0,0.030825504663319826,0,0,0,0,0,0,0,0,0,0,0,0,0,0,0,0,0,0.055954040592499185,0,0,0,0,0,0,0,0,0,0,0,0,0,0
1	0,0,0,0,0,0,0,0,0,0,0,0.01761457488075844,0.018518355823473814,0,0,0.12789495564306222,0,0.057322188008436255,0,0.017910022249894176,0,0,0,0,0,0,0,0,0,0,0,0,0,0,0,0,0,0,0,0,0,0.100578252062842,0,0
1	0,0,0,0.022895861177820657,0,0,0,0,0.11176267931705974,0,0,0.012029464786333773,0,0,0,0,0,0.019573428447493633,0,0.024462467409634096,0.07040571243405591,0,0,0,0,0,0,0,0,0.021835722344604385,0,0,0,0,0,0,0,0,0,0,0.07040571243405591,0,0,0
1	0,0,0,0,0,0,0,0,0,0,0,0,0,0,0,0,0,0.11069111631082805,0,0,0,0,0,0,0,0,0,0,0,0.06174238938930112,0,0,0,0,0,0,0,0,0,0,0,0,0,0
1	0,0,0,0,0,0,0,0,0,0,0,0,0,0,0,0,0,0.0401255304100714,0,0,0,0,0,0,0,0,0,0,0,0.04476323314102349,0,0,0,0,0,0,0,0,0,0,0,0,0,0
1	0,0,0,0,0,0,0,0,0,0,0,0,0.03142508820186709,0,0,0.1899046282765657,0,0.09727401456482034,0,0.07598191144308995,0,0,0,0,0.06311471007237246,0,0,0,0,0,0,0,0,0,0,0,0,0,0,0,0,0,0,0
1	0,0,0,0.012685545486376447,0,0,0,0,0,0,0.008934884587253004,0.01999492104993236,0,0,0,0,0,0.06506842381362722,0,0,0,0,0,0,0,0,0,0,0,0,0,0.010623245933653205,0,0.01107491831603544,0,0,0,0,0,0,0,0,0.01447778289834993,0
1	0,0,0,0.010022032271354822,0,0,0,0,0.009784205990051253,0,0,0.008775944201783998,0.0018452453226066893,0,0,0,0,0.028559095345283066,0.0031859951679160513,0,0,0,0,0,0,0.0036062774138790215,0,0,0,0.0031859951679160513,0.0029796181340900505,0.008392742250457443,0,0,0,0,0,0.012456387989477045,0,0,0,0,0,0
1	0,0,0,0,0,0,0.01917366221389415,0,0,0,0.016126376068675386,0,0.01264668098931068,0,0,0,0,0.07829371378997453,0.021835722344604385,0,0,0,0,0,0,0,0,0,0,0,0,0,0,0.019988875731987266,0,0,0,0,0,0,0,0,0,0
1	0,0,0,0,0,0,0,0,0.023498819499977553,0,0,0,0,0,0,0,0,0.041154390087519775,0,0.012858477105581282,0.049344177008021,0.028295912981938495,0,0,0,0,0,0,0,0,0,0,0,0,0,0,0,0.06731240738386711,0,0,0.049344177008021,0,0,0
1	0,0.026877476484554942,0,0.019972985394387476,0,0,0,0,0.03899803912895492,0,0,0.010493788489270203,0,0,0,0,0,0.051224080484044573,0,0.010669799674462558,0,0,0,0,0,0,0,0,0,0,0,0,0,0,0.016389912520837064,0,0,0,0,0,0,0,0,0
1	0,0,0,0,0,0,0,0,0,0,0,0,0.02074055713152791,0,0,0.16114764330982942,0,0,0,0.08023689429922276,0,0,0,0,0.08331141295050278,0,0,0,0,0,0,0,0,0,0,0,0,0,0,0,0,0,0,0
1	0,0,0,0,0,0,0,0,0,0,0,0,0.013071780183590204,0,0,0.09027878947206215,0,0,0,0.02528473652472556,0.008085810826871495,0,0,0,0.1837751842979104,0,0,0,0,0,0,0,0,0,0,0,0,0,0,0,0.008085810826871495,0,0.06752243516780422,0
1	0,0,0,0.016914060648501927,0,0,0,0,0,0,0.005956589724835336,0.004443316095097733,0.01868518747507692,0,0,0.032261789951649425,0,0,0.016130894975824712,0.00451784335785723,0.01733714346684613,0.01988361475006538,0,0,0.03752766523873552,0.009129405280143861,0,0,0,0.016130894975824712,0.007542997502489599,0,0,0.014766557754713921,0.01387974651395778,0,0,0,0,0,0.01733714346684613,0.025371090972752895,0.03860742106226648,0
1	0.04044289102911038,0,0,0,0,0,0,0,0,0,0,0,0,0,0,0,0.012346316876776686,0,0.027546604625038988,0.0077150861699407285,0,0.08488774100132002,0,0,0,0,0,0,0,0,0,0,0,0,0.059255841659120276,0,0,0,0,0,0,0,0,0
1	0.024340629018795572,0,0,0,0,0,0,0,0,0,0.006122050447896339,0,0,0,0,0,0.0074306537242801686,0,0.01657897511389312,0.0046433389288465625,0,0.0408718740788551,0,0,0,0,0,0,0,0.01657897511389312,0,0,0,0,0.035663235537890546,0,0,0,0,0,0,0,0,0
1	0,0,0,0,0,0,0.01637750423923179,0,0,0,0,0,0.010802374069391813,0,0,0,0,0,0.055954040592499185,0,0,0.022990429683232127,0,0,0,0,0,0,0,0,0,0,0,0,0.04814536955448044,0,0,0,0,0,0,0,0,0
1	0,0,0,0.03293790702649696,0,0,0.027583164417963883,0,0,0,0.023199349065712443,0,0,0,0,0,0,0,0.015706397476319797,0.008797905338867172,0,0.07744144562309387,0,0,0,0,0,0,0,0,0,0,0,0,0.05405795920077631,0,0,0,0,0,0,0,0,0
1	0,0,0,0,0,0,0.03023539266692991,0,0,0,0,0,0,0,0,0,0,0,0,0,0,0,0,0,0,0,0,0,0,0,0.06440559489947223,0,0,0.03152092177200998,0,0,0,0,0,0,0,0,0,0
1	0,0,0,0,0,0,0,0,0,0,0,0,0,0,0,0,0,0,0,0,0,0,0,0,0,0.025983691660788302,0,0,0,0,0,0.10078464417545029,0.038936255376334765,0.021013947339166804,0,0,0.28429282945867074,0,0,0,0,0,0,0
1	0,0,0,0.08800596968072599,0,0,0,0,0,0,0.020661920107706844,0,0,0,0,0,0,0,0,0,0,0,0,0,0,0.03166762379868692,0,0,0,0,0.026164771953196882,0,0,0.05122149597136679,0,0,0,0,0,0,0,0,0,0
1	0,0,0,0,0,0,0,0,0.007450844832596383,0,0.016126376068675386,0.0040098215954445906,0,0,0,0,0,0,0,0,0,0,0,0,0,0,0,0,0,0,0.006807094888711069,0.025564882951858867,0.06172820663857053,0.006662958577329089,0.018788436199385625,0,0,0,0,0,0,0,0,0
1	0,0,0.04355893584512015,0,0,0,0,0,0,0,0,0.0365339317250225,0,0,0,0,0,0,0,0.01857335571538625,0,0,0,0,0,0,0,0,0,0,0,0,0,0,0,0,0,0,0,0,0,0,0,0
1	0,0,0,0.016325744355170434,0,0,0.006835827340699799,0,0,0,0,0.017155062681936083,0.004508816662744385,0,0,0,0,0,0,0,0,0,0,0,0,0,0,0,0,0,0.02184189637003678,0.03417913889989341,0.0924312804930575,0.01425293735899374,0,0,0,0,0,0,0,0.04081436351070837,0,0
1	0,0,0,0,0,0,0.03023539266692991,0,0,0,0,0,0.019942844584386034,0,0,0,0,0,0,0.03857543225082426,0,0,0,0,0,0,0,0,0,0,0,0,0,0,0,0,0,0,0,0,0,0,0,0
1	0,0,0,0,0,0,0,0,0,0,0.016953370565831894,0.00421545383724714,0,0,0,0,0.006859065263718707,0,0.007651834988635354,0,0,0,0,0,0,0,0,0,0,0,0,0.020156927956532296,0.10383001810816288,0,0.059255841659120276,0,0,0,0,0,0,0,0,0
1	0,0,0,0.009778441367056476,0,0,0,0,0,0,0.006887306907826683,0.015412752331659913,0,0,0,0,0,0,0,0,0,0,0,0,0,0,0,0,0,0.009325673710009924,0,0.008188752119615896,0,0.008536916249647721,0,0,0,0,0,0,0,0,0,0
1	0,0,0,0,0,0,0,0,0.04262576489004038,0,0,0.04587982072332781,0,0,0,0,0,0,0,0,0.022377010128513564,0,0,0,0,0,0,0,0,0.04164021609976122,0,0.03656372916866944,0,0,0,0,0,0,0.035314277540022844,0,0.022377010128513564,0,0,0
1	0,0,0,0,0,0,0.03417913889989341,0,0,0,0,0,0,0,0,0,0,0,0,0,0.25101167727440565,0,0,0,0,0,0,0,0,0,0,0,0,0,0,0,0,0,0,0,0.25101167727440565,0,0,0
1	0,0,0,0,0,0,0,0,0,0,0,0,0,0,0,0.01657897511389312,0,0,0,0.01857335571538625,0,0,0,0,0.21213554467771842,0,0,0,0,0,0,0,0,0,0,0,0,0,0,0,0,0,0.05951977313988288,0
1	0,0,0,0,0,0,0,0,0,0,0,0,0,0,0,0.016891786090952262,0,0,0,0.018923796530254732,0.01815493308393713,0,0,0,0.21613810768751018,0,0,0,0,0,0,0,0,0,0,0,0,0,0,0,0.01815493308393713,0,0.06064278817925182,0
1	0,0,0,0,0,0,0,0,0,0,0,0.009305812867216797,0,0,0,0,0,0,0,0,0,0,0,0,0,0,0,0,0,0.033783572181904524,0,0,0,0,0,0,0,0,0,0,0,0,0,0
1	0.035524161866194774,0,0,0,0,0,0,0,0,0,0,0,0,0,0,0,0.010844738049667438,0,0.02419634246373707,0.006776765036785844,0.013002857600134598,0.07456355017398383,0,0,0,0,0,0,0,0.04839268492747414,0,0,0,0,0.052049045840232115,0,0,0,0,0,0.013002857600134598,0,0,0
1	0,0,0,0,0,0,0.056151443942659245,0,0,0,0,0,0.03703671164694763,0,0,0,0,0,0.25578991128612444,0,0,0.23647298632923436,0,0,0,0,0,0,0.1680130445187225,0,0,0,0,0,0,0,0,0,0,0,0,0,0,0
1	0,0,0,0.03293790702649696,0,0,0,0,0,0,0.023199349065712443,0,0,0,0,0,0,0,0,0,0,0,0,0,0,0.035556630495022154,0,0,0,0,0.0293779897803673,0,0,0.05751185555424188,0,0,0,0,0,0,0,0,0,0
1	0,0,0,0.017383895375095618,0,0,0,0,0,0,0.012244100895792679,0.027400448793766873,0,0,0,0.01657897511389312,0,0,0,0,0,0,0,0,0,0,0,0,0,0,0,0,0,0.015176739660147162,0,0,0,0,0,0,0,0,0,0
1	0,0,0,0,0,0,0,0,0,0,0,0.008503587461651274,0,0,0,0,0,0,0,0.017292434438308493,0,0,0,0,0.07182018491577483,0,0,0,0,0.07717798840418676,0,0,0,0,0,0,0,0,0,0,0,0.03237001171600118,0.09235826962870732,0
1	0,0,0,0,0,0,0,0,0,0,0,0,0.03240712124236796,0,0,0.055954040592499185,0,0,0,0,0,0,0,0,0,0,0.05438633404669512,0,0,0,0,0,0,0,0,0,0,0,0,0,0,0,0,0
1	0,0,0,0,0,0,0.041374746626945826,0,0.09646883740821464,0,0,0,0,0,0,0,0.042237400116960956,0,0,0.026393716016601516,0.050642707698928105,0,0,0.07992178690482621,0,0,0,0,0,0.09423838485791877,0,0,0,0,0,0,0,0,0,0,0.050642707698928105,0,0,0
1	0,0,0,0,0,0,0,0,0,0,0,0.0234860992285635,0,0,0,0,0,0,0,0,0,0,0,0,0,0,0,0,0,0,0,0.01871714749279877,0,0,0,0,0,0,0,0,0,0,0,0
1	0,0,0,0,0,0.15356141759264283,0,0,0,0,0.03889302622998305,0,0,0,0,0,0,0,0,0.04424828938530993,0,0,0,0,0,0,0,0,0.03459091951285184,0,0,0,0,0,0,0,0,0,0,0,0,0,0.09453140604203648,0
1	0,0,0,0,0,0,0,0,0,0,0.012964342487176485,0,0,0,0,0,0,0,0,0,0,0,0,0.029774784188597792,0,0,0,0,0,0,0,0,0,0,0.030208860397400773,0,0,0,0,0,0,0,0,0
1	0,0,0,0,0,0,0,0,0,0,0,0,0,0,0,0,0,0,0,0.016176793084961956,0,0,0,0,0,0,0,0,0,0,0,0,0,0,0.02484922225529632,0,0,0,0,0,0,0,0,0
1	0,0,0,0,0,0,0,0,0,0,0,0,0,0,0,0,0,0,0,0,0,0,0,0,0,0,0,0,0,0.17052660307725534,0,0,0,0,0,0,0,0,0,0,0,0.04470144574982345,0,0
1	0,0,0.14701140738196017,0,0,0.1450302284467578,0,0,0,0,0.02754922763130673,0,0,0,0,0,0,0,0,0,0,0,0,0,0,0,0,0,0.09800760784216102,0,0,0,0,0,0,0,0,0,0,0,0,0,0,0
1	0,0,0,0,0,0,0,0,0,0,0,0.018611625734433593,0.009783282030270702,0,0,0,0,0,0,0,0,0,0,0,0,0,0,0,0,0,0,0.08899473869083273,0,0.015463093353849527,0,0,0,0,0,0,0,0.07084757413201882,0,0
1	0,0,0,0,0,0,0.03023539266692991,0,0,0,0.1271502798595124,0,0,0,0,0,0,0,0,0,0,0,0,0,0,0,0,0,0,0,0,0,0,0,0,0,0,0,0,0,0,0,0,0
1	0,0.12632414535983455,0,0,0,0,0,0,0,0,0,0,0,0,0,0.08952646628204698,0,0,0,0.05014806080517504,0,0,0,0,0,0,0,0,0,0,0,0,0,0,0,0,0,0,0,0,0,0,0,0
1	0,0,0,0,0,0,0,0,0,0,0,0,0,0,0,0,0,0,0,0,0.07401626730428996,0,0,0,0,0,0,0,0,0.2065995355215726,0,0,0,0,0,0,0,0,0,0,0.07401626730428996,0,0,0
1	0,0,0.1764136958684024,0,0,0,0,0,0,0,0,0,0,0,0,0,0,0,0,0,0,0,0,0,0,0,0,0,0,0,0,0,0,0,0,0,0,0,0.07592569812527543,0,0,0,0,0
1	0,0,0,0,0,0,0,0,0,0,0,0,0.015029389841622092,0,0,0.10379880187311194,0,0,0,0.03633917276371681,0,0,0,0,0.18111177470533488,0,0,0,0,0,0,0,0,0.011877448562421218,0,0,0,0,0,0,0,0,0.09316138508619366,0
1	0,0,0,0,0,0,0,0,0,0,0.0881575303906558,0.09864161639249805,0.06913519558939957,0,0,0,0,0,0,0,0,0,0,0,0,0,0,0,0.07840608802624136,0,0,0,0,0,0,0,0,0,0,0,0,0,0,0
1	0,0,0,0,0,0,0.01917366221389415,0,0,0,0,0,0.01264668098931068,0,0,0,0,0,0,0.012231233704817048,0.09387428324540788,0,0,0,0,0,0,0,0,0,0,0,0,0,0,0,0,0,0,0,0.09387428324540788,0,0,0
1	0,0,0,0,0,0,0,0,0,0,0.0777860524599661,0.029012239791203556,0,0,0,0,0,0,0,0,0,0,0,0,0,0,0,0,0,0,0,0,0,0,0,0,0,0,0,0,0,0,0,0
1	0,0.06648639179928754,0,0,0,0,0,0,0,0,0,0,0,0,0,0.18847676971583754,0,0,0,0.10557486406640607,0,0,0,0,0,0,0,0,0,0,0,0,0,0,0,0,0,0,0,0,0,0,0,0
1	0,0,0.10691739037326656,0,0,0.21095305955892046,0.023821824347973513,0.20158945548182525,0,0,0,0.04483709902835121,0,0,0,0,0,0,0,0,0,0,0,0,0,0,0,0,0,0,0,0,0,0,0,0,0,0,0,0,0,0,0,0
1	0,0,0,0,0,0,0.027107592314703208,0,0.1264074407083956,0,0,0,0,0,0,0,0.027672779077707012,0,0,0.017292434438308493,0.033179704673313215,0,0,0.05236254945589594,0,0,0,0,0,0.12348477877860224,0,0,0,0,0,0,0,0,0,0,0.033179704673313215,0,0,0
1	0,0,0,0.019972985394387476,0,0,0,0,0,0,0.01406768984064532,0.020987576978540406,0,0,0,0,0,0,0,0,0,0,0,0,0,0,0,0,0,0.07619273371331582,0,0,0,0.017437104459383755,0,0,0,0,0,0,0,0,0,0
1	0,0,0,0,0,0,0,0,0,0,0,0,0,0,0,0,0,0,0,0.07918114431348292,0,0,0,0,0,0,0,0,0,0,0,0,0,0,0,0,0,0,0,0,0,0,0,0
1	0,0,0,0,0,0,0,0,0,0,0,0,0.006247155669418529,0,0,0.15100848946750503,0,0,0,0.006041934721656614,0,0,0,0,0.3513131819056998,0,0,0,0,0,0,0,0,0,0,0,0,0,0,0,0,0,0,0
1	0,0.05263506135092124,0.012250950980270127,0,0,0,0,0,0,0,0.02754922763130673,0.010275168527330484,0,0,0,0.027977020296249593,0,0,0,0.010447512823424869,0,0,0,0,0.04339136317475607,0,0,0,0,0,0,0.008188752119615896,0,0,0.00802422849822071,0.016827333344055513,0,0,0,0,0,0,0,0
1	0,0,0,0,0,0,0,0,0,0,0,0,0,0,0,0,0,0,0.03141279495263959,0,0,0.1161621684346408,0,0,0,0,0,0,0,0.047119192428959386,0,0,0,0,0,0,0,0,0,0,0,0,0,0
1	0,0,0,0,0,0,0,0,0.00856498990215365,0,0,0.004609421112109342,0.0048459245183099095,0,0,0,0,0,0,0,0,0,0,0,0,0,0,0,0,0,0.00782497828028119,0.08081609218189788,0,0,0,0,0,0,0,0,0,0,0,0
1	0,0,0,0,0,0,0.008452905154008468,0,0,0,0,0,0.0055754187031718675,0,0,0,0,0,0,0,0,0,0,0,0,0,0,0,0,0,0,0.09298195596196167,0,0,0,0,0,0,0,0,0,0,0,0
1	0,0,0,0,0,0,0,0,0,0,0,0.009305812867216797,0,0,0,0,0,0,0,0,0,0,0,0,0,0,0,0,0,0,0,0.044497369345416364,0,0,0,0,0,0.03302118024268411,0,0,0,0,0,0
1	0,0,0,0,0,0,0.024956197633240317,0,0,0,0,0.015657400098156752,0.01646076094660061,0,0,0,0,0,0.05684220324916559,0.015920019985257137,0,0,0,0,0,0,0,0,0,0,0,0,0,0,0.012227396148441995,0,0,0,0,0,0,0,0,0
1	0,0,0,0,0,0,0,0,0.06546099925132923,0,0,0.10568744560986412,0,0,0,0,0.057322188008436255,0,0,0,0,0,0,0,0,0,0,0,0,0,0,0,0,0,0,0,0,0,0,0,0,0,0,0
1	0,0,0,0,0,0,0,0,0,0,0,0,0,0,0,0,0,0,0,0,0,0,0,0,0,0,0,0,0,0,0,0,0,0,0,0,0,0,0,0,0,0,0,0
1	0,0,0,0,0,0,0.01871714749279877,0,0,0,0,0,0.012345570227046718,0,0,0,0,0,0,0.011940014521902648,0.20618816757199543,0,0,0,0,0,0,0,0,0,0,0,0,0,0,0,0,0,0,0,0.20618816757199543,0,0,0
1	0,0,0.005227072389040045,0.029204944719746665,0,0,0,0,0,0,0,0.006576107820744645,0,0,0,0,0,0,0,0.004457605446419133,0.008552990776977425,0,0,0,0,0,0,0,0,0,0.007442424202456404,0,0,0,0.0034236708067762523,0,0,0.007778322529606863,0.02699580402929372,0.00674895100732343,0.008552990776977425,0,0,0
1	0,0.026877476484554942,0,0,0,0,0,0,0,0,0,0,0,0,0,0.09524092214432585,0,0,0,0.05334900117455401,0,0,0,0,0,0,0,0,0,0,0,0,0,0,0,0,0,0,0,0,0,0,0,0
1	0,0,0,0,0,0,0,0,0,0,0.03889302622998305,0.009670746903291729,0.010166940357416263,0,0,0,0.015735502444002847,0,0.017554209434581053,0,0,0,0,0,0,0,0,0,0,0,0.016417112394776414,0.015414121723057152,0,0.01606948950089686,0.015104430198700386,0.031674980589337536,0,0,0,0,0,0.07362591188101852,0,0
1	0,0,0.03015618652282477,0,0,0,0,0,0,0,0.03390674113166379,0,0,0,0,0,0,0,0,0,0,0,0,0,0,0,0,0,0,0,0,0,0,0,0,0,0,0,0,0,0,0,0,0
1	0,0,0.00864772987821296,0,0,0,0.011560590926227129,0,0.040431792851925226,0,0,0.007253059947800889,0.0038126025133051644,0,0,0,0,0,0.039496970810917284,0.007374714741871588,0.007075084137464096,0.024342807778980808,0,0,0.007657299184100847,0,0,0,0,0.013165656659045701,0,0.04046206860786069,0,0,0,0,0,0,0,0,0.007075084137464096,0,0.04726570302101824,0
1	0,0.1325623690667125,0,0,0,0,0,0,0.011314246362691842,0,0.04489503415481367,0.015222471552092708,0,0,0,0,0,0,0,0.015477796429488542,0,0,0,0,0,0,0,0,0,0,0,0,0,0,0.014265294789093748,0.029915258609662786,0,0,0,0,0,0,0,0
1	0,0,0,0,0,0,0,0,0.01870314142393085,0,0,0,0.0035273056411837087,0,0,0,0,0,0,0.013645730348414223,0.03272828136354272,0,0,0,0,0.020680896750919782,0,0,0,0,0,0,0,0,0,0,0,0,0,0,0.03272828136354272,0,0,0
1	0,0,0,0,0,0,0,0,0,0,0,0,0,0,0,0,0,0,0,0,0,0,0,0,0,0,0.11602418535074875,0.06388180161669291,0,0,0,0,0,0,0,0,0,0,0,0,0,0,0,0
